23476.21177790748
2783587.241422179
344317009.90142584
42534966936.93113
5255423773635.728
649329697788776.4
8.02275058514307e+16
9.91245635928706e+18
1.2247269910749255e+21
1.5132033349565302e+23
1.8696283741044785e+25
2.3100069742758538e+27
2.8541138416135464e+29
3.5263814835206553e+31
4.356997322954385e+33
5.3832592307282245e+35
6.651250344485018e+37
8.21790838020403e+39
1.0153582356349658e+42
1.2545191537486493e+44
1.5500128446173725e+46
1.9151081203501506e+48
2.3661991740052067e+50
2.9235417424052294e+52
3.61216266723582e+54
4.462983697245826e+56
5.514209994624729e+58
6.813045694875251e+60
8.417813555469682e+62
1.0400573873730149e+65
1.28503602734977e+67
1.5877177659953798e+69
1.9616941866262634e+71
2.4237582801315675e+73
2.994658515356835e+75
3.700030525780144e+77
4.57154824882383e+79
5.648346208418834e+81
6.978776806821994e+83
8.622581534900273e+85
1.0653573596640186e+88
1.3162952408120202e+90
1.6263398804799174e+92
2.009413484780018e+94
2.4827175434105853e+96
3.0675052432194976e+98
3.790035818675101e+100
4.682753693279461e+102
5.785745359944375e+104
7.1485394199058115e+106
8.83233060890165e+108
1.0912727678008499e+111
1.3483148519638872e+113
1.6659014993015605e+115
2.0582935813047758e+117
2.5431110234408563e+119
3.1421240081051317e+121
3.8822305401957677e+123
4.7966642717955025e+125
5.92648682196995e+127
7.322431602626229e+129
9.047181945359803e+131
1.117818582601548e+134
1.3811133579005754e+136
1.7064254764239528e+138
2.108362713264222e+140
2.604973608339696e+142
3.218557915796289e+144
3.9766679494067504e+146
4.9133457882570254e+148
6.070651898050562e+150
7.50055380905287e+152
9.267259659636086e+154
1.1450101390574967e+157
1.414709705669288e+159
1.7479352217460047e+161
2.159649804604132e+163
2.6683410348969994e+165
3.296851120647476e+167
4.073402600928808e+169
5.032865647264918e+171
6.218323869495192e+173
7.683008936856358e+175
9.492690886267212e+177
1.172863145192322e+180
1.4491233032147628e+182
1.7904547146254795e+184
2.2121844828614504e+186
2.733249909220191e+188
3.3770488510926137e+190
4.1724903764543434e+192
5.155292893074763e+194
6.369588043477194e+196
7.869902386750623e+198
9.723605852408027e+200
1.201393691136014e+203
1.484374030590685e+205
1.8340085177312458e+207
2.265997096279206e+209
2.79973772788019e+211
3.4591974357719516e+213
4.273988517028471e+215
5.280698249481309e+217
6.524531802313502e+219
8.061342123379575e+221
9.960137953060602e+223
1.2306182584198382e+226
1.5204822514440318e+228
1.87862179123267e+230
2.3211187313383594e+232
2.867842899573025e+234
3.5433443302959095e+236
4.377955656116813e+238
5.409154160675254e+240
6.683244653944869e+242
8.257438737687402e+244
1.0202423828134663e+247
1.2605537294974917e+249
1.5574688247788228e+251
1.924320307334245e+253
2.3775812307156965e+255
2.9376047673074244e+257
3.6295381446587264e+259
4.484451853476362e+261
5.540734833092233e+263
6.845818283642196e+265
8.45830551080437e+267
1.0450603441381491e+270
1.291217397497725e+272
1.5953551170059492e+274
1.97113046516364e+276
2.4354172116788534e+278
3.009063631132698e+280
3.7178286713198824e+282
4.593538629851121e+284
5.6755162782806315e+286
7.012346606971417e+288
8.664058479486894e+290
1.0704820161248328e+293
1.322626976214212e+295
1.6341630142860388e+297
2.0190793060218864e+299
2.4946600849285155e+301
3.0822607714191875e+303
inf
inf
inf
inf
inf
inf
inf
inf
inf
inf
inf
inf
inf
inf
inf
inf
inf
inf
inf
inf
inf
inf
inf
inf
inf
inf
inf
inf
inf
inf
inf
inf
inf
inf
inf
inf
inf
inf
inf
inf
inf
inf
inf
inf
inf
inf
inf
inf
inf
inf
inf
inf
inf
inf
inf
inf
inf
inf
inf
inf
inf
inf
inf
inf
inf
inf
inf
inf
inf
inf
inf
inf
inf
inf
inf
inf
inf
inf
inf
inf
inf
inf
inf
inf
inf
inf
inf
inf
inf
inf
inf
inf
inf
inf
inf
inf
inf
inf
inf
inf
inf
inf
inf
inf
inf
inf
inf
inf
inf
inf
inf
inf
inf
inf
inf
inf
inf
inf
inf
inf
inf
inf
inf
inf
inf
inf
inf
inf
inf
inf
inf
inf
inf
inf
inf
inf
inf
inf
inf
inf
inf
inf
inf
inf
inf
inf
nan
nan
nan
