-20.871148476014024
-26078.0
-20.0
-26078.86185602525
-19.817375419083564
-26078.49165111784
-20.0
-26078.0
-20.939465208181648
-26077.738204002566
-19.43675363247568
-25324.576000000005
-19.8
-25323.88476894007
-18.851419656520882
-25324.85729160916
-19.8
-25324.576000000005
-20.40735909766198
-25324.05802101172
-19.473357948830834
-24585.808000000008
-19.6
-24585.279041247308
-19.709498052039827
-24586.23906832513
-19.6
-24585.808000000008
-19.771460184160702
-24585.48769989563
-19.121771067975878
-23861.552000000003
-19.400000000000002
-23860.793099832084
-19.906865945070624
-23862.46085727197
-19.400000000000002
-23861.552000000003
-19.084388411376285
-23861.387155904766
-18.991167622760727
-23151.664000000008
-19.200000000000003
-23151.610054128985
-19.593290854596095
-23152.395159089643
-19.200000000000003
-23151.664000000008
-19.38503288130454
-23151.539538480018
-19.30659849423194
-22456.00000000001
-19.000000000000004
-22456.750674544648
-19.23965530679009
-22455.360703184357
-19.000000000000004
-22456.00000000001
-18.953033581230265
-22455.26919174071
-19.72278302660864
-21774.416000000012
-18.800000000000004
-21774.551234010494
-18.652707645898154
-21775.31001525862
-18.800000000000004
-21774.416000000012
-18.023678422859696
-21774.045481981124
-18.522529362216552
-21106.76800000002
-18.600000000000005
-21107.4968299913
-18.007392975773975
-21107.30290701708
-18.600000000000005
-21106.76800000002
-17.97505586692995
-21106.556587038154
-17.41751607962503
-20452.91200000002
-18.400000000000006
-20453.353516964973
-18.8271441849498
-20453.868803290625
-18.400000000000006
-20452.91200000002
-18.936995584183443
-20452.86303735315
-17.34472003896701
-19812.70400000002
-18.200000000000006
-19812.24430051919
-17.370490970399988
-19811.79520362909
-18.200000000000006
-19812.70400000002
-17.610637681825587
-19812.55681545348
-17.38349974556939
-19186.000000000022
-18.000000000000007
-19185.263984103305
-18.21976863086678
-19185.781341013288
-18.000000000000007
-19186.000000000022
-18.120199915056823
-19186.420290252237
-16.90416569033791
-18572.656000000025
-17.800000000000008
-18573.377986796637
-17.16639077581567
-18572.25121783829
-17.800000000000008
-18572.656000000025
-16.97685980594608
-18571.746232991296
-16.839402492683316
-17972.528000000028
-17.60000000000001
-17972.419169936995
-18.099745386312023
-17972.07414860674
-17.60000000000001
-17972.528000000028
-17.222507712105497
-17972.845319981072
-18.055974741027203
-17385.472000000027
-17.40000000000001
-17384.97550933179
-18.161338387286857
-17384.58380790601
-17.40000000000001
-17385.472000000027
-18.062623306811727
-17385.292508219693
-18.181942164402138
-16811.344000000026
-17.20000000000001
-16811.73800466218
-16.277335917461166
-16811.728767268498
-17.20000000000001
-16811.344000000026
-16.83446400846061
-16811.276194105805
-17.8880674355999
-16250.00000000003
-17.00000000000001
-16250.83865923417
-16.482881829042203
-16249.428016064165
-17.00000000000001
-16250.00000000003
-16.455909814167697
-16250.328856682632
-16.91242264256662
-15701.296000000033
-16.80000000000001
-15701.722208303816
-16.852004835618047
-15702.28747679188
-16.80000000000001
-15701.296000000033
-16.906622718646567
-15701.813327217395
-17.10800914457829
-15165.088000000034
-16.600000000000012
-15165.34707898661
-16.82277795344389
-15165.828488693349
-16.600000000000012
-15165.088000000034
-16.163220649240177
-15164.455942371455
-15.45445198245408
-14641.232000000035
-16.400000000000013
-14641.237656542693
-15.518490814164846
-14642.065887532372
-16.400000000000013
-14641.232000000035
-17.3362553877118
-14641.187336867295
-15.678127500804504
-14129.584000000033
-16.200000000000014
-14129.104487417966
-16.4661738875515
-14129.655498810725
-16.200000000000014
-14129.584000000033
-15.93518971296972
-14129.378583777434
-15.484267450141028
-13630.000000000035
-16.000000000000014
-13630.918970652736
-16.695180822712594
-13630.165148845554
-16.000000000000014
-13630.000000000035
-15.454349237181974
-13630.142213936108
-16.730988048584038
-13142.336000000038
-15.800000000000015
-13142.311798209867
-15.764206976732899
-13142.884153659337
-15.800000000000015
-13142.336000000038
-16.119686637263207
-13143.329393982418
-15.587983243598801
-12666.448000000039
-15.600000000000016
-12665.86734787274
-15.859145183252274
-12667.153453329105
-15.600000000000016
-12666.448000000039
-15.556793534530659
-12667.018703739815
-15.86661887471277
-12202.192000000037
-15.400000000000016
-12202.768026655041
-14.635836533316297
-12201.660982832633
-15.400000000000016
-12202.192000000037
-15.491442238190338
-12203.036276789138
-15.86378142021129
-11749.424000000037
-15.200000000000017
-11749.180325533416
-14.25697661808007
-11749.728426660233
-15.200000000000017
-11749.424000000037
-14.823996191092576
-11749.47300623334
-15.230778400085729
-11308.00000000004
-15.000000000000018
-11308.584199134999
-15.073149672553996
-11308.371401188135
-15.000000000000018
-11308.00000000004
-14.653733172718027
-11308.080404485236
-14.820683612508743
-10877.77600000004
-14.800000000000018
-10878.615443036828
-14.884640699412449
-10878.7062392552
-14.800000000000018
-10877.77600000004
-15.609833896998627
-10877.356401571707
-14.508984328664024
-10458.608000000038
-14.60000000000002
-10459.536857849318
-15.264847046063315
-10457.849106825088
-14.60000000000002
-10458.608000000038
-13.997573127295832
-10458.321680082918
-15.163636321065631
-10050.35200000004
-14.40000000000002
-10051.133511655527
-13.496138928882537
-10051.299086049547
-14.40000000000002
-10050.35200000004
-14.495823821680727
-10050.24528081102
-15.114363138416964
-9652.86400000004
-14.20000000000002
-9653.06973220123
-14.960404107144676
-9653.372139300085
-14.20000000000002
-9652.86400000004
-13.261242281313857
-9652.98342644725
-13.495640283787496
-9266.000000000042
-14.000000000000021
-9266.736914075602
-14.172010021664171
-9265.121937931071
-14.000000000000021
-9266.000000000042
-13.236288648738741
-9266.497241177061
-14.020757814788645
-8889.61600000004
-13.800000000000022
-8888.99110470602
-14.512416835378339
-8889.179589597743
-13.800000000000022
-8889.61600000004
-14.674529831051544
-8890.217069463855
-14.495853970168454
-8523.568000000041
-13.600000000000023
-8523.782807816951
-12.668893105468012
-8522.786045575393
-13.600000000000023
-8523.568000000041
-14.500452570877732
-8523.89708505822
-13.504054142413743
-8167.712000000041
-13.400000000000023
-8167.397058297677
-13.839974569917118
-8168.038789564941
-13.400000000000023
-8167.712000000041
-13.418536903709368
-8167.354272426019
-13.121793541539088
-7821.904000000042
-13.200000000000024
-7821.9245828346275
-12.633974017670884
-7822.037432612186
-13.200000000000024
-7821.904000000042
-12.704127997036554
-7822.074229418131
-13.539379796815158
-7486.000000000041
-13.000000000000025
-7486.374181099572
-12.321073102457856
-7485.734451457153
-13.000000000000025
-7486.000000000041
-12.907436415131702
-7485.2534077203345
-13.620905591735994
-7159.856000000041
-12.800000000000026
-7160.193531978904
-11.949932040749637
-7160.0749954231205
-12.800000000000026
-7159.856000000041
-12.84378345825368
-7160.710759524323
-12.83167280220162
-6843.328000000041
-12.600000000000026
-6843.99087763383
-11.714905189640858
-6843.413053015893
-12.600000000000026
-6843.328000000041
-12.24853182943247
-6843.638507881107
-12.210439948533535
-6536.272000000041
-12.400000000000027
-6535.539725326235
-12.172516231966124
-6537.011868989778
-12.400000000000027
-6536.272000000041
-12.687587987559498
-6536.509675299439
-12.129880234448764
-6238.54400000004
-12.200000000000028
-6237.646539193078
-12.462652552700382
-6238.737950741081
-12.200000000000028
-6238.54400000004
-12.762495322844963
-6239.346081752491
-11.220232252595155
-5950.000000000041
-12.000000000000028
-5950.537417800072
-11.77923103480213
-5950.2398743415
-12.000000000000028
-5950.000000000041
-12.47581291491079
-5950.323873484799
-10.887091705419559
-5670.496000000041
-11.80000000000003
-5669.926333440967
-11.050014561264014
-5671.237898737082
-11.80000000000003
-5670.496000000041
-12.22320535605544
-5669.893603334065
-12.190055330957511
-5399.88800000004
-11.60000000000003
-5400.87085465498
-10.796224378977218
-5399.149811218533
-11.60000000000003
-5399.88800000004
-10.932175696819959
-5400.504864829044
-10.439166299216422
-5138.032000000039
-11.40000000000003
-5138.490928947923
-11.872019512272784
-5138.768116157198
-11.40000000000003
-5138.032000000039
-11.04997859815392
-5138.148923779818
-12.12374640817028
-4884.784000000039
-11.200000000000031
-4884.649214988329
-12.103540457991278
-4884.69872713022
-11.200000000000031
-4884.784000000039
-12.020715090422106
-4884.815279438768
-11.262135326700848
-4640.000000000039
-11.000000000000032
-4640.697181195359
-10.887148370275597
-4640.550552519392
-11.000000000000032
-4640.000000000039
-11.35595920231802
-4639.195911229924
-11.061619303633147
-4403.536000000038
-10.800000000000033
-4402.92581176864
-11.362713429221637
-4402.87658110999
-10.800000000000033
-4403.536000000038
-10.136743149362879
-4403.13749458707
-10.318670075427546
-4175.248000000038
-10.600000000000033
-4175.51151165083
-10.525565968320013
-4175.7945743204
-10.600000000000033
-4175.248000000038
-9.85607672909779
-4175.616769074913
-10.866702946833088
-3954.9920000000375
-10.400000000000034
-3955.521948397074
-10.549999813916862
-3954.8600114575547
-10.400000000000034
-3954.9920000000375
-10.981026969029205
-3955.4469026632596
-10.4465942729033
-3742.624000000036
-10.200000000000035
-3742.402403428358
-10.847454330245418
-3742.3952483334847
-10.200000000000035
-3742.624000000036
-9.985767921060402
-3743.205145529645
-9.244554969621745
-3538.000000000036
-10.000000000000036
-3538.9887155974016
-9.504542352820865
-3538.5068129478095
-10.000000000000036
-3538.000000000036
-10.6391801226507
-3538.6572383719736
-10.67224451187701
-3340.9760000000347
-9.800000000000036
-3340.7598893531426
-10.266550745014671
-3340.3084079114838
-9.800000000000036
-3340.9760000000347
-10.400003782568058
-3340.2918056213234
-9.14338210932889
-3151.408000000034
-9.600000000000037
-3151.4856199012524
-10.23186018296701
-3150.7024906701254
-9.600000000000037
-3151.408000000034
-9.348247172280557
-3151.45543748092
-9.13767186969656
-2969.1520000000337
-9.400000000000038
-2968.4455468509045
-9.924490197922676
-2969.057172097899
-9.400000000000038
-2969.1520000000337
-9.152036599486426
-2968.4982362960222
-8.32300948477491
-2794.064000000033
-9.200000000000038
-2794.790320699937
-8.366682621355062
-2793.7411711842456
-9.200000000000038
-2794.064000000033
-8.871521038986556
-2794.7147430340415
-8.058593819492073
-2626.0000000000323
-9.000000000000039
-2625.6475218500746
-9.374153456458485
-2625.1886811567465
-9.000000000000039
-2626.0000000000323
-9.786985122463769
-2626.8833161901
-8.681385861783827
-2464.8160000000316
-8.80000000000004
-2465.1701190823946
-8.540753432279093
-2463.889579621973
-8.80000000000004
-2464.8160000000316
-8.258504249218769
-2464.5744969946836
-8.296576142005813
-2310.3680000000304
-8.60000000000004
-2310.724325497492
-8.699362031254502
-2310.09389527634
-8.60000000000004
-2310.3680000000304
-8.342799101854723
-2309.950633833976
-8.582190215174712
-2162.51200000003
-8.400000000000041
-2162.6766861698193
-7.458148468158305
-2161.543021351182
-8.400000000000041
-2162.51200000003
-8.829498905942112
-2161.8203517689394
-8.602490456742046
-2021.1040000000291
-8.200000000000042
-2021.931438886834
-8.053613614977587
-2021.6790912485158
-8.200000000000042
-2021.1040000000291
-7.633120641757937
-2021.4054661749954
-8.28807033942489
-1886.0000000000282
-8.000000000000043
-1885.1304819535576
-7.704024257427495
-1886.380161796104
-8.000000000000043
-1886.0000000000282
-8.883423176509734
-1886.4078640777905
-8.086284620243784
-1757.0560000000269
-7.8000000000000425
-1756.2300553284297
-7.89890878337917
-1756.288636405936
-7.8000000000000425
-1757.0560000000269
-7.5440079225431464
-1757.822372341087
-6.978275519328074
-1634.1280000000252
-7.600000000000042
-1634.540569979221
-7.539901433656282
-1633.448146660899
-7.600000000000042
-1634.1280000000252
-7.650288090639539
-1633.6913592713577
-8.201098066878512
-1517.072000000024
-7.400000000000042
-1516.494774701677
-7.721831089883782
-1516.903906319224
-7.400000000000042
-1517.072000000024
-8.073205940939404
-1517.9148526841832
-6.2947326426962125
-1405.7440000000227
-7.200000000000042
-1404.7696733929915
-7.556955997569048
-1405.6217144071586
-7.200000000000042
-1405.7440000000227
-7.778403055460909
-1404.9685754084028
-6.086903867468759
-1300.0000000000214
-7.000000000000042
-1300.515408325631
-7.6536351080171325
-1300.6672434329387
-7.000000000000042
-1300.0000000000214
-6.877166836385546
-1300.5437189538777
-6.056664993920364
-1199.6960000000204
-6.800000000000042
-1200.4088009083682
-7.01918066525233
-1200.3928427676863
-6.800000000000042
-1199.6960000000204
-7.391240053253267
-1199.9367317272806
-5.703221733993876
-1104.6880000000192
-6.600000000000041
-1103.8669010205158
-5.690180184312217
-1104.578485602105
-6.600000000000041
-1104.6880000000192
-6.682328324621345
-1105.388924669044
-6.2623774450780125
-1014.8320000000181
-6.400000000000041
-1015.7458236168053
-5.93683915756501
-1014.845220449247
-6.400000000000041
-1014.8320000000181
-5.662841295628616
-1015.4269205021021
-6.2598807346664955
-929.984000000017
-6.200000000000041
-929.6250580033726
-5.342395332399974
-929.0249147193647
-6.200000000000041
-929.984000000017
-5.641070675882411
-929.3694754182982
-6.4286660002806695
-850.0000000000158
-6.000000000000041
-849.7007873603792
-6.469698966999815
-849.2341347305048
-6.000000000000041
-850.0000000000158
-5.296176239444045
-849.2594358526478
-5.107927350855871
-774.7360000000149
-5.800000000000041
-775.6666570282882
-6.561836899478658
-775.4054407796135
-5.800000000000041
-774.7360000000149
-6.307800448290341
-774.2976503969321
-5.437703973177523
-704.0480000000139
-5.6000000000000405
-703.6241022482864
-5.874927809806779
-703.1713292986212
-5.6000000000000405
-704.0480000000139
-5.97593878640552
-704.6281972816879
-5.673906206888333
-637.7920000000129
-5.40000000000004
-637.7229157560088
-6.099792755023145
-638.2996844391054
-5.40000000000004
-637.7920000000129
-6.032201771273472
-637.500884625597
-4.416542334125737
-575.8240000000121
-5.20000000000004
-574.9395082938502
-5.1163218028346105
-575.1124536138556
-5.20000000000004
-575.8240000000121
-4.697530642499153
-576.5326457563316
-4.90017123886455
-518.0000000000111
-5.00000000000004
-517.5789833704608
-4.1372753995828875
-518.9315876039661
-5.00000000000004
-518.0000000000111
-5.107384666305352
-518.5286802632717
-5.460892975978801
-464.17600000001033
-4.80000000000004
-463.5459496942301
-5.762146595343008
-463.3729089885133
-4.80000000000004
-464.17600000001033
-5.309416140053045
-463.3377535090369
-5.36587193886571
-414.2080000000095
-4.60000000000004
-414.1418395828214
-4.377637261736103
-413.97050349999563
-4.60000000000004
-414.2080000000095
-4.168245391290488
-414.3060462184588
-3.9817653820654817
-367.95200000000875
-4.400000000000039
-368.333630699045
-4.253589865609419
-367.2827228291473
-4.400000000000039
-367.95200000000875
-4.0209956917949725
-368.49015274225576
-4.900681516670497
-325.2640000000081
-4.200000000000039
-324.9212381442711
-5.191689625466526
-325.95415476130523
-4.200000000000039
-325.2640000000081
-4.9757698865121345
-324.64653846748746
-4.945264191646082
-286.00000000000733
-4.000000000000039
-285.55702204000187
-3.1543517867927706
-286.5941417782101
-4.000000000000039
-286.00000000000733
-3.0644190937663045
-286.02112380768915
-2.9106157481224013
-250.01600000000667
-3.800000000000039
-249.42207971349455
-3.209920918523048
-250.68137762919324
-3.800000000000039
-250.01600000000667
-4.097926562870444
-249.1447228709061
-4.370930928198578
-217.16800000000603
-3.6000000000000387
-218.11557760201197
-3.6976757953513184
-216.1847015794718
-3.6000000000000387
-217.16800000000603
-2.7501833772844924
-218.05124804545258
-2.696337197579128
-187.3120000000055
-3.4000000000000385
-187.57315543359243
-2.588884990579741
-187.47894260982233
-3.4000000000000385
-187.3120000000055
-2.6484525541123496
-188.0756479808525
-3.455360533334833
-160.30400000000492
-3.2000000000000384
-160.6952277998978
-2.3371605533490145
-160.8507990669681
-3.2000000000000384
-160.30400000000492
-3.5365715536183195
-160.89894682692213
-2.603658149417715
-136.00000000000438
-3.000000000000038
-135.23747469640873
-2.4992032520516494
-135.3640377822132
-3.000000000000038
-136.00000000000438
-3.21841602087378
-135.4230626365733
-2.0500462420916303
-114.2560000000039
-2.800000000000038
-115.09129424966558
-1.976235189011393
-113.7702769590443
-2.800000000000038
-114.2560000000039
-3.1961952234556343
-113.92905741097506
-2.7361005999661274
-94.92800000000344
-2.600000000000038
-94.76668764397053
-2.5299652250126403
-95.11185364998205
-2.600000000000038
-94.92800000000344
-2.854521865397852
-94.61990939800846
-2.849751333155244
-77.872000000003
-2.4000000000000377
-77.94485415013327
-2.3031527679963295
-78.54305365746558
-2.4000000000000377
-77.872000000003
-3.1840127752927994
-78.10364555878921
-2.0549612936873585
-62.94400000000262
-2.2000000000000375
-63.91317496743148
-1.7429628511854962
-62.59662245401452
-2.2000000000000375
-62.94400000000262
-1.3487481395099845
-63.7499271359879
-1.9176707143112497
-50.00000000000224
-2.0000000000000373
-50.18295887129069
-2.4375708234703968
-49.54977313462515
-2.0000000000000373
-50.00000000000224
-2.8932822524899313
-50.25901509266612
-1.0151731623595421
-38.89600000000191
-1.8000000000000373
-38.3740744185747
-1.5342671427679606
-39.023326675149136
-1.8000000000000373
-38.89600000000191
-1.5345128905987813
-37.920238572088216
-1.9810058493147429
-29.488000000001605
-1.6000000000000374
-28.83031483697715
-2.00713381780325
-29.2766662807737
-1.6000000000000374
-29.488000000001605
-2.4961772338508457
-28.982373579680665
-2.3652539112483386
-21.632000000001334
-1.4000000000000374
-21.893094543882103
-1.8059149461788382
-21.3157670259265
-1.4000000000000374
-21.632000000001334
-2.243555072763959
-21.320480235306352
-1.518915512309299
-15.184000000001085
-1.2000000000000375
-15.149207559827884
-0.7751927851887326
-15.10251341287262
-1.2000000000000375
-15.184000000001085
-0.9748001338069885
-15.939380223809351
-0.9301582835882833
-10.000000000000863
-1.0000000000000375
-9.439311616322192
-1.0925582753207201
-9.563746297840428
-1.0000000000000375
-10.000000000000863
-1.4874172499101825
-9.772351918295234
0.04473918428091439
-5.936000000000668
-0.8000000000000376
-5.53785501090563
-0.9205385035665354
-6.862956414221941
-0.8000000000000376
-5.936000000000668
-1.586290405577596
-5.392457135740872
0.3502160276079729
-2.848000000000498
-0.6000000000000376
-3.053385057104665
-0.3035438784041129
-3.557761749535994
-0.6000000000000376
-2.848000000000498
-0.3730938705258806
-3.081085944018099
-0.8782607999953327
-0.5920000000003549
-0.4000000000000376
-1.4212106207730602
0.5464331411915027
-0.8207787310396932
-0.4000000000000376
-0.5920000000003549
-1.1770038505561522
-0.06569628104657199
-0.4431178114221689
0.9759999999997608
-0.2000000000000376
1.0707034982816497
-0.45718921964680737
0.27660700845519437
-0.2000000000000376
0.9759999999997608
-0.9493358577370054
0.2862314338343066
-0.4448861489773968
1.9999999999998497
-3.758104938356155e-14
1.5075132000931373
-0.052210062990021344
2.7708399687962686
-3.758104938356155e-14
1.9999999999998497
-0.7758942019809598
2.5459811998189075
0.9606248746282562
2.6239999999999113
0.19999999999996243
3.449712258676721
-0.1467692093197721
2.672058827986426
0.19999999999996243
2.6239999999999113
-0.7788375605455538
1.8699481094768176
0.2974735051627027
2.991999999999946
0.39999999999996244
3.8534998673365277
0.06195392978927622
3.762312424770075
0.39999999999996244
2.991999999999946
-0.5151357844598559
3.7793010114876777
0.8359267377082921
3.2479999999999536
0.5999999999999625
3.1195259069974317
-0.20722689076470868
2.3845254517526717
0.5999999999999625
3.2479999999999536
0.12507638677990285
2.7704528582590098
-0.18118300047172164
3.5359999999999343
0.7999999999999625
3.459674731808818
0.893738453096242
3.2128263711159164
0.7999999999999625
3.5359999999999343
-0.04026982081727848
2.7008236352461195
0.15654434059504996
3.999999999999887
0.9999999999999625
3.8899188849721567
0.926555111837394
3.7634577584059565
0.9999999999999625
3.999999999999887
0.7627435027221292
4.580144315305928
0.544733013973796
4.783999999999813
1.1999999999999624
5.166995030913002
0.8588279526932177
4.863786323681152
1.1999999999999624
4.783999999999813
1.2662202060732806
5.076929829487362
1.614162071901738
6.031999999999713
1.3999999999999624
5.7289539409244
2.1779810668849082
5.551783443616567
1.3999999999999624
6.031999999999713
1.587488456056037
6.803234138314173
2.3477153547211658
7.887999999999584
1.5999999999999623
7.773959216367441
1.3866871225559139
8.563993047580503
1.5999999999999623
7.887999999999584
0.7374869681785079
8.404686967736964
2.6051874186044524
10.49599999999943
1.7999999999999623
9.755584023282996
1.0859739371047852
9.859248123707527
1.7999999999999623
10.49599999999943
1.436853609207541
11.043860026823129
1.7839513602803914
13.999999999999245
1.9999999999999623
14.182321280500481
2.0077165385239453
13.7129896210563
1.9999999999999623
13.999999999999245
2.637195970751534
13.239914711816924
1.503490228683725
18.543999999999045
2.1999999999999624
18.645332694857558
2.706114898291344
18.559282324580224
2.1999999999999624
18.543999999999045
2.212954201656653
18.141889860581728
2.8711545050010603
24.271999999998805
2.3999999999999626
24.81019187958986
1.4364016852039847
23.974287059570027
2.3999999999999626
24.271999999998805
2.059381042651042
24.292645929868822
3.097248717484463
31.32799999999856
2.599999999999963
30.352778335993968
2.6286889700906375
31.054730590996094
2.599999999999963
31.32799999999856
3.4598703079541853
31.48587490409278
3.3051659066002603
39.85599999999828
2.799999999999963
39.27509056174763
3.016610261266065
40.617275140774595
2.799999999999963
39.85599999999828
2.3076595796750707
39.10980320397042
3.8174550144523636
49.999999999997975
2.999999999999963
50.994680518840134
2.250475956126633
49.53048715957211
2.999999999999963
49.999999999997975
2.7716825293879297
50.520368435178746
3.8744102838644237
61.903999999997644
3.1999999999999633
61.418400774901535
3.0642690789212432
62.19219225607535
3.1999999999999633
61.903999999997644
3.1123077546615825
62.587971670979044
4.231231188906637
75.71199999999729
3.3999999999999635
75.89995003758936
3.947642961201107
76.01508630503199
3.3999999999999635
75.71199999999729
3.350209511260984
75.89105775499647
2.65865367709449
91.56799999999691
3.5999999999999637
90.90495647985891
3.3577983792187407
91.0898414418694
3.5999999999999637
91.56799999999691
2.931465496318726
92.19654638588649
2.856407745336009
109.61599999999653
3.799999999999964
108.88918340336753
3.086164984946076
110.3465886789387
3.799999999999964
109.61599999999653
2.98549894178758
108.9060064644173
4.551611187286751
129.9999999999961
3.999999999999964
129.41551680183403
4.804982808879822
130.21210910916807
3.999999999999964
129.9999999999961
3.5143417138256816
130.2248422162674
4.353781550862091
152.8639999999956
4.199999999999964
152.21929062008496
4.180336233148303
152.77584970198097
4.199999999999964
152.8639999999956
3.867903851139898
151.92847376610277
4.711886826126841
178.3519999999952
4.399999999999964
177.8286367484576
3.8397469148399654
177.38574273476073
4.399999999999964
178.3519999999952
3.4165623296539014
178.6074288276609
3.9572445407054366
206.60799999999466
4.599999999999964
207.1371938028391
5.572851486524018
206.6629814747275
4.599999999999964
206.60799999999466
5.223796234919088
207.04068804874603
4.8380859088109975
237.77599999999413
4.799999999999964
236.89721124090477
4.326788614830237
238.20187554045023
4.799999999999964
237.77599999999413
3.809409687768385
238.13310597742725
5.335568244432356
271.99999999999363
4.9999999999999645
272.6978483567531
4.785862660530948
271.36199220293605
4.9999999999999645
271.99999999999363
5.607377473807017
272.99082514090753
5.419517549383331
309.42399999999304
5.199999999999965
308.7633498684215
4.760326659175563
309.46022689106474
5.199999999999965
309.42399999999304
4.808089970486753
309.877140380103
5.783789530384914
350.19199999999256
5.399999999999965
351.1477415158185
5.850776981723455
349.9472850824452
5.399999999999965
350.19199999999256
5.518696454174698
350.5288174868156
5.150023816318269
394.4479999999919
5.599999999999965
394.61024365462055
5.086544280454293
394.51282236420326
5.599999999999965
394.4479999999919
5.263585154437687
394.53253747105146
5.230258992063009
442.3359999999913
5.799999999999965
442.7300518599418
6.71432979758314
441.9834602945072
5.799999999999965
442.3359999999913
6.571503426959188
442.0879269496274
5.237805708184373
493.9999999999908
5.999999999999965
494.0258445842606
6.39799842808304
493.5307614363752
5.999999999999965
493.9999999999908
5.27451723927757
494.3226588198656
6.511801285422137
549.5839999999899
6.1999999999999655
549.5438768813341
5.961435329041474
548.647835597361
6.1999999999999655
549.5839999999899
6.80420914627055
549.788016012939
5.606333874216308
609.2319999999894
6.399999999999966
609.4802969503329
5.604120773015643
608.3797005832828
6.399999999999966
609.2319999999894
5.93116741527594
609.9593269404133
5.891586764698067
673.0879999999886
6.599999999999966
673.340087881834
7.52789276182212
673.3195544013554
6.599999999999966
673.0879999999886
7.5518508623411895
673.5813645242429
6.945905848794174
741.2959999999882
6.799999999999966
740.426364887644
6.317562134531509
740.3413486988164
6.799999999999966
741.2959999999882
7.364555051029353
741.7023332406985
6.70146440604791
813.9999999999875
6.999999999999966
814.1592237092984
7.572454813728349
814.5662216300511
6.999999999999966
813.9999999999875
6.2683177424801775
814.6149924369616
7.922268415163199
891.3439999999865
7.199999999999966
892.0802616305501
7.675208075068916
890.564348741233
7.199999999999966
891.3439999999865
6.339438764729191
891.4390985647356
6.550043100515824
973.4719999999861
7.399999999999967
972.6384903610226
6.4357809847345155
972.5864128543985
7.399999999999967
973.4719999999861
8.105676957106086
974.0754461868667
8.295180918983373
1060.5279999999852
7.599999999999967
1059.6599915494867
7.206498257052239
1060.8277291109807
7.599999999999967
1060.5279999999852
8.089267955495002
1060.671579543041
7.254092957736296
1152.655999999984
7.799999999999967
1153.6101677376002
8.250319757565336
1152.14217069555
7.799999999999967
1152.655999999984
8.79778934945293
1151.9915819039334
8.610637645396393
1249.9999999999834
7.999999999999967
1249.8736011431483
8.327963170788127
1250.4411555066251
7.999999999999967
1249.9999999999834
8.877206774510125
1249.4276766346863
8.76435259538149
1352.7039999999827
8.199999999999967
1352.8593375999317
8.555313621639023
1352.116717795241
8.199999999999967
1352.7039999999827
8.345180527480784
1352.5711081534473
7.474613205049962
1460.9119999999816
8.399999999999967
1460.877534802134
8.496859038747623
1460.4877571560087
8.399999999999967
1460.9119999999816
7.937401727912008
1460.729367761103
8.117132160954245
1574.76799999998
8.599999999999966
1574.7407180552254
8.588916517706256
1574.0979460143649
8.599999999999966
1574.76799999998
7.711490767507949
1574.7963592989688
8.9557957456842
1694.4159999999788
8.799999999999965
1694.5497593116504
9.416487143368604
1693.749986953208
8.799999999999965
1694.4159999999788
9.326181280969418
1694.5755372636304
9.82316793244428
1819.999999999977
8.999999999999964
1819.9855709307055
8.092874103345151
1819.8764051740288
8.999999999999964
1819.999999999977
9.922816987398875
1819.5497235293087
8.843993738628727
1951.6639999999759
9.199999999999964
1952.5849524702596
8.64093877823031
1952.0298259251963
9.199999999999964
1951.6639999999759
9.592264517626937
1952.3292384396345
9.989997395785505
2089.551999999974
9.399999999999963
2088.672442510059
8.5163106438392
2089.896408013991
9.399999999999963
2089.551999999974
8.47925662085133
2089.769112018756
9.397792691672668
2233.8079999999723
9.599999999999962
2233.6154985637218
10.584844113347083
2233.0476096369666
9.599999999999962
2233.8079999999723
10.380858100202218
2233.055444341406
9.964003146011208
2384.5759999999705
9.799999999999962
2385.0338978415134
8.949505233429113
2384.4760492883765
9.799999999999962
2384.5759999999705
9.762643450928568
2384.1255523717305
9.708509198703938
2541.999999999969
9.999999999999961
2541.3226636159156
9.396239834761696
2541.336990848472
9.999999999999961
2541.999999999969
10.235804044814484
2541.6059913185336
10.711797097685086
2706.223999999966
10.19999999999996
2706.8679749658136
10.867198222594638
2706.1415950346895
10.19999999999996
2706.223999999966
11.085357547148707
2705.3512260372504
10.747758535886351
2877.391999999965
10.39999999999996
2876.584839527246
10.712377383567498
2878.126834786341
10.39999999999996
2877.391999999965
10.03656315303891
2877.701989013173
9.689616580988268
3055.6479999999624
10.599999999999959
3056.0570086157063
9.95518630983892
3055.82160285417
10.599999999999959
3055.6479999999624
10.184574488190835
3054.846958313889
10.80640636805602
3241.1359999999613
10.799999999999958
3242.0286293755225
10.660485233575361
3241.9302735567076
10.799999999999958
3241.1359999999613
11.447233406001704
3242.0693508067875
11.920479118990649
3433.9999999999586
10.999999999999957
3434.2778448964646
11.702763722084349
3433.250582294428
10.999999999999957
3433.9999999999586
11.470608273082224
3434.4218597575878
10.852460859931313
3634.383999999955
11.199999999999957
3633.823142508338
10.240478382303403
3633.484588182096
11.199999999999957
3634.383999999955
10.413757601586184
3634.0018951021625
12.20070100276866
3842.431999999954
11.399999999999956
3842.965144628261
11.284287823289526
3841.8552636912864
11.399999999999956
3842.431999999954
11.755886335446753
3843.3072035498794
11.857595083158348
4058.2879999999514
11.599999999999955
4057.46751973621
12.101325991302575
4057.3956092893295
11.599999999999955
4058.2879999999514
11.785661173887144
4057.7697145612983
12.581869000937935
4282.095999999949
11.799999999999955
4282.45629590792
12.624144618056663
4281.28912693944
11.799999999999955
4282.095999999949
12.608319828291584
4281.686400096283
12.347908468765874
4513.999999999945
11.999999999999954
4514.472540405103
11.576037709697385
4513.403545944805
11.999999999999954
4513.999999999945
12.891328937479944
4513.370255062362
11.623633396154027
4754.143999999943
12.199999999999953
4753.464886980851
11.434739100636317
4755.084194083913
12.199999999999953
4754.143999999943
12.632200938186761
4753.693123578725
12.275141971059922
5002.67199999994
12.399999999999952
5001.738838907505
13.372903028607116
5003.145297753167
12.399999999999952
5002.67199999994
12.927626746220419
5002.817606404499
12.144111169434488
5259.727999999936
12.599999999999952
5259.600447933141
12.559039326673657
5259.994322555556
12.599999999999952
5259.727999999936
11.690759514399922
5260.184613889561
12.591354288590576
5525.455999999934
12.799999999999951
5524.847769019112
12.874981296804329
5525.7034145897605
12.799999999999951
5525.455999999934
11.862436696859978
5526.03290739593
12.47076201020296
5799.999999999931
12.99999999999995
5800.234738260448
12.774997307815442
5800.213640103953
12.99999999999995
5799.999999999931
12.729465060982085
5800.723438436833
12.924256767066064
6083.503999999928
13.19999999999995
6083.011768033221
13.340160768879606
6083.216338324203
13.19999999999995
6083.503999999928
14.070588184396726
6084.42572931887
12.91327527780474
6376.111999999924
13.399999999999949
6375.725896746405
14.063833829155
6376.798963882853
13.399999999999949
6376.111999999924
13.428986250621481
6376.439506197468
13.004187941158506
6677.967999999919
13.599999999999948
6677.235462381498
14.464015791138648
6678.51490679062
13.599999999999948
6677.967999999919
13.79705688571185
6678.356375611453
14.67648342206099
6989.215999999917
13.799999999999947
6989.627329624875
14.656134751263624
6989.83165379175
13.799999999999947
6989.215999999917
13.32900001542966
6988.265381021905
14.721635128893881
7309.9999999999145
13.999999999999947
7309.373695947581
14.48856726229293
7309.68330977118
13.999999999999947
7309.9999999999145
13.562776521507303
7309.570932806178
15.150442462681989
7640.463999999909
14.199999999999946
7640.985998739275
13.637938146897373
7639.5367995185725
14.199999999999946
7640.463999999909
14.186180601161883
7640.109724429097
15.081658457910608
7980.751999999905
14.399999999999945
7981.093351605594
14.254866671293222
7981.4248585168525
14.399999999999945
7980.751999999905
13.509768961009756
7981.488879359658
14.621022150601611
8331.007999999902
14.599999999999945
8330.043305571913
14.04145569688433
8331.854323830565
14.599999999999945
8331.007999999902
15.300763974804845
8331.99119424546
14.16723644396348
8691.375999999898
14.799999999999944
8690.848209251106
15.298214424322278
8690.999838812228
14.799999999999944
8691.375999999898
15.431518475360534
8691.09963668197
14.783272987636733
9061.999999999894
14.999999999999943
9061.227820292668
14.326987006522831
9062.816381221071
14.999999999999943
9061.999999999894
15.27311280846683
9061.57029746832
14.807676325822232
9443.023999999887
15.199999999999942
9443.875937777168
15.915749588503756
9443.365565449398
15.199999999999942
9443.023999999887
16.006566520615337
9443.957987778604
15.858320917670076
9834.591999999882
15.399999999999942
9835.528747727833
15.244087544470144
9835.213960518351
15.399999999999942
9834.591999999882
14.792235987366144
9834.810683259064
15.51489330655533
10236.847999999882
15.599999999999941
10237.798875758293
15.52907311299649
10236.928180456036
15.599999999999941
10236.847999999882
15.721586655394493
10237.404677295921
15.4812539975016
10649.935999999876
15.79999999999994
10650.757703273308
14.877583387463826
10649.188535251813
15.79999999999994
10649.935999999876
14.949184260078553
10650.523446440142
15.911259059633348
11073.99999999987
15.99999999999994
11073.073587942275
16.197285097568916
11074.94787764251
15.99999999999994
11073.99999999987
16.344881937217195
11073.57728854394
15.901285583591651
11509.183999999865
16.19999999999994
11509.92198970154
16.134736667580825
11509.870278809087
16.19999999999994
11509.183999999865
17.064275621548415
11509.059055299022
16.712567691523773
11955.631999999861
16.399999999999938
11955.540700834283
16.969366665753267
11955.35611285837
16.399999999999938
11955.631999999861
15.668467935360349
11955.907363835378
15.80851948288866
12413.487999999856
16.599999999999937
12412.555546217007
15.770808904610744
12413.451630622762
16.599999999999937
12413.487999999856
16.18216564578497
12413.860631158455
17.532818272313026
12882.895999999848
16.799999999999937
12883.380817820373
16.145132305300994
12883.062871253682
16.799999999999937
12882.895999999848
17.21981438188443
12882.312327165211
17.439756968982092
13363.999999999845
16.999999999999936
13364.91374527047
17.940558585139684
13363.90941689473
16.999999999999936
13363.999999999845
16.10910561573908
13363.89216950945
18.07038713453834
13856.94399999984
17.199999999999935
13856.990335685832
18.127811551807884
13857.143422363668
17.199999999999935
13856.94399999984
18.032294115896754
13857.762363625165
16.747421409696244
14361.871999999834
17.399999999999935
14362.632731990569
16.601917093965064
14362.22644120208
17.399999999999935
14361.871999999834
17.61391728006687
14361.277654514099
18.411116334539713
14878.927999999825
17.599999999999934
14878.495233436044
17.803955942578042
14879.476269405473
17.599999999999934
14878.927999999825
18.292583349525046
14879.023064629682
18.26700336525682
15408.25599999982
17.799999999999933
15408.248954278675
18.687503690110905
15408.467377881403
17.799999999999933
15408.25599999982
18.373085263903103
15408.474796607126
17.89715316802465
15949.999999999816
17.999999999999932
15949.319963663324
18.09851446839157
15950.42696771257
17.999999999999932
15949.999999999816
17.810440762856246
15949.08152775544
17.65634853688646
16504.30399999981
18.199999999999932
16505.089591001626
19.16833400077392
16503.67258649244
18.199999999999932
16504.30399999981
18.69052988356199
16503.41864680057
18.88276820596781
17071.311999999798
18.39999999999993
17070.60487693592
18.04523360628756
17071.53319842923
18.39999999999993
17071.311999999798
17.97086754012208
17070.992445073294
19.38376734183305
17651.167999999794
18.59999999999993
17650.661395705953
17.635620949926732
17652.05869062078
18.59999999999993
17651.167999999794
19.320926074301486
17650.614165720537
18.07423653268942
18244.015999999792
18.79999999999993
18244.479546635575
18.305336295588948
18243.367032525126
18.79999999999993
18244.015999999792
19.19883097196107
18244.192217939253
19.417865205300288
18849.99999999978
18.99999999999993
18850.853179947728
18.350898558711105
18850.994409067767
18.99999999999993
18849.99999999978
19.345711024978215
18849.94958107726
19.97718086078801
19469.263999999774
19.19999999999993
19469.261035029846
19.792831106010095
19468.493862948857
19.19999999999993
19469.263999999774
20.14534240527254
19468.508433135405
18.823218869114875
20101.95199999977
19.399999999999928
20101.296323793307
18.869793798044714
20102.131183887304
19.399999999999928
20101.95199999977
18.44349791699341
20101.42608411212
19.62641097668156
20748.207999999762
19.599999999999927
20747.704186202445
20.091121501285436
20747.41678074348
19.599999999999927
20748.207999999762
19.071096388101466
20747.860074908716
19.024471420536187
21408.175999999756
19.799999999999926
21409.16615915156
19.581005092232775
21409.14658861939
19.799999999999926
21408.175999999756
19.482716900450672
21408.734113860126
20.925041602779135
22081.99999999974
19.999999999999925
22081.38418205827
19.6664804141914
22082.26640582467
19.999999999999925
22081.99999999974
19.134848350701443
22081.441569728766