-20.0
-26077.894297650353
-19.8
-25324.37826594996
-19.6
-24585.501622075502
-19.400000000000002
-23860.595550268376
-19.200000000000003
-23151.322196824218
-19.000000000000004
-22455.856912908956
-18.800000000000004
-21773.683480331994
-18.600000000000005
-21105.79690515871
-18.400000000000006
-20452.81711612818
-18.200000000000006
-19812.25408596167
-18.000000000000007
-19185.27919327331
-17.800000000000008
-18572.59031203284
-17.60000000000001
-17972.389196077598
-17.40000000000001
-17384.854478141755
-17.20000000000001
-16810.694139621366
-17.00000000000001
-16249.823371495453
-16.80000000000001
-15701.195692897803
-16.600000000000012
-15164.628012603991
-16.400000000000013
-14641.166937817858
-16.200000000000014
-14128.609695656818
-16.000000000000014
-13629.069868172293
-15.800000000000015
-13141.642078338951
-15.600000000000016
-12666.079512912114
-15.400000000000016
-12201.624741876552
-15.200000000000017
-11748.64481796116
-15.000000000000018
-11307.266251182478
-14.800000000000018
-10877.008115497387
-14.60000000000002
-10457.609668002731
-14.40000000000002
-10050.15805779112
-14.20000000000002
-9652.350808267805
-14.000000000000021
-9265.420604350778
-13.800000000000022
-8888.722782519724
-13.600000000000023
-8523.366273849857
-13.400000000000023
-8166.925146955774
-13.200000000000024
-7821.296420419584
-13.000000000000025
-7485.744253763389
-12.800000000000026
-7159.680182369696
-12.600000000000026
-6843.09290005891
-12.400000000000027
-6535.441806080535
-12.200000000000028
-6238.183791193947
-12.000000000000028
-5949.0007718586
-11.80000000000003
-5669.988321748482
-11.60000000000003
-5399.769191668103
-11.40000000000003
-5137.952507437683
-11.200000000000031
-4884.714490611135
-11.000000000000032
-4639.5347949663255
-10.800000000000033
-4403.451593208118
-10.600000000000033
-4174.725032114127
-10.400000000000034
-3954.8078958808055
-10.200000000000035
-3741.722578801199
-10.000000000000036
-3537.7858141102274
-9.800000000000036
-3340.131164069435
-9.600000000000037
-3150.51436893569
-9.400000000000038
-2969.000755734008
-9.200000000000038
-2793.94307715063
-9.000000000000039
-2625.4365564439386
-8.80000000000004
-2464.037713784048
-8.60000000000004
-2310.352079193373
-8.400000000000041
-2162.488054499193
-8.200000000000042
-2020.716621449369
-8.000000000000043
-1885.0694608198692
-7.8000000000000425
-1756.1764468816289
-7.600000000000042
-1633.5279789064273
-7.400000000000042
-1516.4510785649982
-7.200000000000042
-1404.8638803330132
-7.000000000000042
-1299.0700722279123
-6.800000000000042
-1199.5567748492942
-6.600000000000041
-1104.0832347499595
-6.400000000000041
-1014.0414483083164
-6.200000000000041
-929.5345798643423
-6.000000000000041
-849.640931023722
-5.800000000000041
-774.1743297611573
-5.6000000000000405
-703.5714595918134
-5.40000000000004
-637.1353486510155
-5.20000000000004
-575.2634340201798
-5.00000000000004
-517.2457309932315
-4.80000000000004
-463.7284052617188
-4.60000000000004
-413.59975121291717
-4.400000000000039
-367.19891593925024
-4.200000000000039
-325.1099054526133
-4.000000000000039
-285.7211884895428
-3.800000000000039
-249.1833458144679
-3.6000000000000387
-217.14168245019482
-3.4000000000000385
-187.1757246237577
-3.2000000000000384
-159.3891139752812
-3.000000000000038
-135.8339189612791
-2.800000000000038
-113.64860973528334
-2.600000000000038
-94.1093594074984
-2.4000000000000377
-77.49246708975393
-2.2000000000000375
-62.21596866148309
-2.0000000000000373
-49.01373858750983
-1.8000000000000373
-37.94414999131876
-1.6000000000000374
-28.74351526642352
-1.4000000000000374
-20.708259941902046
-1.2000000000000375
-15.1685589166551
-1.0000000000000375
-9.415354774209826
-0.8000000000000376
-5.889155326925422
-0.6000000000000376
-1.926472329314186
-0.4000000000000376
0.25221545104097975
-0.2000000000000376
1.1699993149779184
-3.758104938356155e-14
2.3112122628050273
0.19999999999996243
2.8906334418238875
0.39999999999996244
3.3889091261464417
0.5999999999999625
3.7282648900702067
0.7999999999999625
3.549106593399118
0.9999999999999625
4.7422867309004015
1.1999999999999624
5.5589549989156355
1.3999999999999624
6.110607565811783
1.5999999999999623
8.061238337867614
1.7999999999999623
11.465341769632563
1.9999999999999623
14.96900650038963
2.1999999999999624
19.52482725767815
2.3999999999999626
24.817414809797906
2.599999999999963
31.66320880285709
2.799999999999963
40.661981305289
2.999999999999963
50.63348952706836
3.1999999999999633
62.14309412613702
3.3999999999999635
75.76033453911599
3.5999999999999637
92.48216267689719
3.799999999999964
110.41931019115293
3.999999999999964
130.34121201158771
4.199999999999964
153.8030467784947
4.399999999999964
179.31218801172628
4.599999999999964
207.42260205311084
4.799999999999964
238.7628255562099
4.9999999999999645
272.47614567267414
5.199999999999965
309.6960994343929
5.399999999999965
350.2073912035809
5.599999999999965
394.7490067885764
5.799999999999965
442.86162340190685
5.999999999999965
494.3193661830882
6.1999999999999655
549.63097787022
6.399999999999966
609.9888345067116
6.599999999999966
673.8273579736448
6.799999999999966
742.1915317953551
6.999999999999966
814.7707908466572
7.199999999999966
891.4133087439382
7.399999999999967
973.5410848227888
7.599999999999967
1061.059158957386
7.799999999999967
1153.251693892795
7.999999999999967
1250.19193642566
8.199999999999967
1352.7552208234188
8.399999999999967
1461.1687352595561
8.599999999999966
1575.7608491494184
8.799999999999965
1694.4161375942683
8.999999999999964
1820.025384404414
9.199999999999964
1952.4455657811056
9.399999999999963
2089.8499703595908
9.599999999999962
2234.6344236851364
9.799999999999962
2384.8352474869466
9.999999999999961
2542.5462394972524
10.19999999999996
2707.154452254084
10.39999999999996
2877.724120297594
10.599999999999959
3056.589918671244
10.799999999999958
3241.790227978118
10.999999999999957
3434.607722288373
11.199999999999957
3635.2704222650145
11.399999999999956
3842.803358293962
11.599999999999955
4059.2614894205885
11.799999999999955
4282.29272239564
11.999999999999954
4514.644936053671
12.199999999999953
4754.266526911598
12.399999999999952
5003.1365340503735
12.599999999999952
5260.183192065085
12.799999999999951
5525.49079797293
12.99999999999995
5800.615500009196
13.19999999999995
6083.686877949971
13.399999999999949
6376.908269364569
13.599999999999948
6678.507367124988
13.799999999999947
6989.833748665241
13.999999999999947
7310.350961291465
14.199999999999946
7641.22900702918
14.399999999999945
7980.903108778684
14.599999999999945
8331.082444418445
14.799999999999944
8691.795634435535
14.999999999999943
9062.923326739497
15.199999999999942
9443.993305667234
15.399999999999942
9835.052379018349
15.599999999999941
10237.38506535756
15.79999999999994
10650.432578763983
15.99999999999994
11074.948730265789
16.19999999999994
11509.538205716468
16.399999999999938
11955.955443989373
16.599999999999937
12413.768779827144
16.799999999999937
12882.96314393366
16.999999999999936
13364.389977716522
17.199999999999935
13857.726427030455
17.399999999999935
14361.889062309076
17.599999999999934
14879.53829656282
17.799999999999933
15408.902109965496
17.999999999999932
15950.114411419238
18.199999999999932
16504.538103463598
18.39999999999993
17072.25539843525
18.59999999999993
17651.854631621118
18.79999999999993
18244.572211751583
18.99999999999993
18850.25996943148
19.19999999999993
19469.445936220876
19.399999999999928
20102.90512027842
19.599999999999927
20748.669415846325
19.799999999999926
21409.083802057896
19.999999999999925
22082.412418063894